Year;Date;Time;H;uH;Q;uQ
1816;1816-08-02;1816.62909836066;5.69;0.45;7300.56;1081.245
1817;1817-01-21;1817.09767759563;4.56;0.4075;5462.3;868.2525
1818;1818-04-27;1818.36407103825;4.72;0.43;5708.55;835.1525
1819;1819-11-18;1819.92281420765;5.08;0.4125;6279.76;943.6175
1820;1820-01-19;1820.09221311475;5.12;0.4925;6344.68;1037.205
1821;1821-12-26;1822.02800546448;5.4;0.39;6807.08;948.1875
1822;1822-12-04;1822.96789617486;3.48;0.4125;3927.52;715.2025
1823;1823-02-03;1823.13183060109;5.49;0.365;6958.65;904.17
1824;1824-11-25;1824.94193989071;5.61;0.4075;7162.96;990.0175
1825;1825-11-15;1825.91461748634;6.26;0.4525;8303.71;1043.0425
1826;1826-12-17;1827.00341530055;4.66;0.4;5615.66;846.4925
1827;1827-10-11;1827.82035519126;6.53;0.4875;8811.5;1355.7825
1828;1828-04-21;1828.34767759563;3.97;0.4125;4602.89;749.55
1829;1829-12-03;1829.96516393443;5.73;0.445;7369.78;1053.9925
1830;1830-11-12;1830.90642076503;5.15;0.415;6393.55;936.275
1831;1831-03-03;1831.21516393443;4.24;0.455;4984.14;832.68
1832;1832-10-07;1832.80942622951;3.48;0.425;3920.95;805.855
1833;1833-02-06;1833.1400273224;4.29;0.4325;5057.58;813.1775
1834;1834-08-31;1834.70833333333;5.38;0.4475;6773.59;1053.325
1835;1835-10-13;1835.82581967213;4.24;0.4175;4991.46;828.975
1836;1836-10-09;1836.81489071038;6.39;0.48;8551.41;1195.1475
1837;1837-03-14;1837.24521857924;3.75;0.4725;4289.89;850.8175
1838;1838-03-23;1838.26980874317;4.57;0.415;5477.56;830.0175
1839;1839-10-08;1839.81215846995;5.86;0.3925;7596.65;1003.455
1840;1840-11-03;1840.88183060109;8.74;0.4725;12610.58;1030.065
1841;1841-10-27;1841.86407103825;6.95;0.4725;8964.49;936.3075
1842;1842-09-28;1842.78346994536;5.75;0.0525;6821.33;256.43
1843;1843-11-03;1843.88183060109;6.66;0.05;8424.24;294.1025
1844;1844-10-25;1844.85860655738;5.24;0.0525;5978.19;240.1575
1845;1845-11-13;1845.90915300546;4.9;0.05;5455.44;216.4075
1846;1846-10-19;1846.84221311475;6.28;0.0475;7737.66;266.0275
1847;1847-04-16;1847.33401639344;5.44;0.0475;6308.14;232.3825
1848;1848-04-21;1848.34767759563;5.7;0.05;6737.41;241.32
1849;1849-11-28;1849.95013661202;4.78;0.12;5273.22;259.1825
1850;1850-11-28;1850.95013661202;3.73;0.12;3796.12;221.4875
1851;1851-02-04;1851.13456284153;4.75;0.11;5228.08;257.05
1852;1852-08-13;1852.65915300546;5.11;0.0525;5780.73;222.54
1853;1853-10-30;1853.87226775956;5.59;0.0475;6554.33;224.465
1854;1854-06-03;1854.46516393443;4.45;0.13;4786.03;255.2175
1855;1855-10-21;1855.84767759563;5.7;0.05;6737.41;243.155
1856;1856-05-31;1856.45833333333;8.78;0.1975;12686.7;572.0575
1857;1857-11-26;1857.94467213115;4.85;0.12;4769.35;252.1725
1858;1858-03-04;1858.21789617486;4.54;0.1375;4327.26;254.2925
1859;1859-11-05;1859.88729508197;4.87;0.0525;4798.5;179.125
1860;1860-12-10;1860.98428961749;4.71;0.14;4567.42;248.4675
1861;1861-01-03;1861.04849726776;4.14;0.1175;3784.42;208.5475
1862;1862-12-03;1862.96516393443;4.72;0.12;4581.72;251.2775
1863;1863-01-08;1863.06215846995;5.55;0.055;5833.99;215.52
1864;1864-10-28;1864.86680327869;6.15;0.05;6817.23;247.005
1865;1865-12-05;1865.9706284153;5.11;0.045;5154.19;187.4025
1866;1866-03-20;1866.26161202186;4.92;0.1275;4871.71;245.5575
1867;1867-03-29;1867.28620218579;4.87;0.1225;4798.5;262.09
1868;1868-10-04;1868.8012295082;5.49;0.045;5739.21;202.0225
1869;1869-01-02;1869.04576502732;3.92;0.12;3499.45;205.35
1870;1870-11-23;1870.93647540984;4.85;0.115;4769.35;240.7875
1871;1871-11-09;1871.89822404372;3.82;0.115;3373.17;203.9975
1872;1872-10-21;1872.84767759563;6.86;0.0475;8061.77;266.5675
1873;1873-03-19;1873.25887978142;5.73;0.055;6122.24;226.72
1874;1874-12-04;1874.96789617486;3.84;0.115;3398.26;199.7975
1875;1875-11-13;1875.90915300546;4.44;0.11;4188.6;236.5475
1876;1876-03-16;1876.25068306011;4.75;0.1125;4624.73;233.2425
1877;1877-06-03;1877.46516393443;5.47;0.0525;5707.76;203.9525
1878;1878-11-29;1878.95286885246;5.08;0.1275;5109.14;252.43
1879;1879-04-16;1879.33401639344;5.45;0.05;5676.39;204.1825
1880;1880-11-10;1880.90095628415;4.1;0.125;3738.43;220.975
1881;1881-04-19;1881.34221311475;3.58;0.1125;3078.55;182.005
1882;1882-10-29;1882.86953551913;6.63;0.05;7649.18;248.0575
1883;1883-01-01;1883.04303278689;5.22;0.0475;5320.81;197.1975
1884;1884-06-04;1884.46789617486;3.51;0.115;2994.9;180.4325
1885;1885-11-23;1885.93647540984;5.05;0.05;5064.26;193.94
1886;1886-10-28;1886.86680327869;7.52;0.05;9294.77;301.7725
1887;1887-12-14;1887.99521857924;4.7;0.1175;5380.6;242.5025
1888;1888-12-31;1889.04166666667;6.47;0.05;8350.29;214.9725
1889;1889-01-01;1889.04303278689;6.88;0.0475;9115.05;227.09
1890;1890-09-23;1890.76980874317;6.01;0.0475;7525.88;203.6675
1891;1891-10-23;1891.8531420765;6.34;0.0525;8113.67;206.24
1892;1892-02-23;1892.18647540984;5.17;0.055;6114.94;155.0675
1893;1893-10-08;1893.81215846995;4.37;0.13;4889.48;205.79
1894;1894-11-18;1894.92281420765;4.3;0.1325;4787.96;203.7175
1895;1895-01-17;1895.08674863388;4.9;0.1075;5688.14;206.8975
1896;1896-11-02;1896.87909836066;7.06;0.0525;9459.56;238.7425
1897;1897-02-07;1897.14275956284;5.1;0.1175;6003.01;233.715
1898;1898-11-26;1898.94467213115;5.13;0.055;6050.87;144.745
1899;1899-01-19;1899.09221311475;5.15;0.05;6082.87;160.9925
1900;1900-09-30;1900.78893442623;7.14;0.05;9614.38;242.455
1901;1901-03-20;1901.26161202186;5.62;0.05;6855.38;175.22
1902;1902-04-03;1902.29849726776;5.47;0.0475;6596.28;161.0075
1903;1903-10-30;1903.87226775956;5.53;0.05;6704.41;178.12
1904;1904-02-21;1904.18101092896;4.83;0.1175;5579.66;223.865
1905;1905-11-21;1905.93101092896;4.4;0.115;4933.28;192.4625
1906;1906-11-08;1906.89549180328;5.34;0.05;6390.42;165.155
1907;1907-11-10;1907.90095628415;6.9;0.0475;9153.07;221.0375
1908;1908-01-01;1908.04303278689;4.05;0.1275;4433.05;209.9225
1909;1909-11-12;1909.90642076503;4.39;0.125;4918.66;210.0625
1910;1910-12-08;1910.97882513661;7.08;0.05;9498.17;238.775
1911;1911-11-25;1911.94193989071;4.4;0.12;4657.87;220.6675
1912;1912-02-10;1912.15095628415;4.57;0.1375;4903.27;250.24
1913;1913-05-18;1913.42281420765;5.49;0.05;6325.03;184.92
1914;1914-11-04;1914.88456284153;6.21;0.05;7543.8;200.12
1915;1915-06-25;1915.52527322404;4.93;0.1375;5441.01;245.59
1916;1916-03-17;1916.25341530055;5.17;0.05;5812.88;165.925
1917;1917-05-21;1917.43101092896;6.43;0.0525;7934.12;195.3775
1918;1918-05-07;1918.39275956284;5.35;0.0525;6098.69;164.94
1919;1919-01-06;1919.05669398907;6.67;0.05;8369.28;212.755
1920;1920-01-03;1920.04849726776;4.47;0.125;4758.25;229.3825
1921;1921-05-25;1921.44193989071;2.36;0.1175;2172.87;136.06
1922;1922-04-15;1922.33128415301;5.03;0.0475;5594.67;159.77
1923;1923-12-02;1923.96243169399;6.02;0.05;7213.4;191.595
1924;1924-10-06;1924.80669398907;6.37;0.0475;7826.85;205.1725
1925;1925-02-16;1925.16734972678;5.6;0.0475;6505.33;170.3475
1926;1926-12-01;1926.95969945355;6.25;0.05;7614.16;198.9025
1927;1927-03-14;1927.24521857923;5.03;0.05;5594.67;158.945
1928;1928-10-29;1928.86953551913;6.17;0.05;7473.73;199.65
1929;1929-12-28;1930.03346994536;3.45;0.125;3391.2;169.9125
1930;1930-05-08;1930.39549180328;5.61;0.05;6521.83;180.8775
1931;1931-03-11;1931.23702185792;5.41;0.0475;6195.26;173.495
1932;1932-05-09;1932.39822404372;5.4;0.0475;6179.12;169.7675
1933;1933-11-20;1933.92827868852;6.19;0.0475;7508.73;209.365
1934;1934-05-01;1934.37636612022;4.56;0.1275;4888.68;224.93
1935;1935-11-13;1935.90915300546;7.55;0.0475;10046.67;275.06
1936;1936-01-02;1936.04576502732;6.76;0.045;8281.15;310.68
1937;1937-03-24;1937.27254098361;5.86;0.05;6706.12;268.635
1938;1938-12-12;1938.98975409836;4.73;0.115;4931.77;257.6375
1939;1939-11-06;1939.8900273224;4.94;0.05;5243.76;240.7425
1940;1940-11-18;1940.92281420765;5.54;0.05;6180.13;256.7575
1941;1941-06-12;1941.48975409836;5.77;0.05;6556.35;252.6
1942;1942-11-01;1942.87636612022;5.16;0.05;5579.43;241.3525
1943;1943-10-26;1943.86133879781;5.22;0.05;5672.53;236.005
1944;1944-11-29;1944.95286885246;6.19;0.0475;7267.43;270.345
1945;1945-02-16;1945.16734972678;5;0.0525;5334.42;240.78
1946;1946-09-07;1946.72609289617;4.58;0.125;4714.03;274.2525
1947;1947-03-08;1947.22882513661;5.24;0.0525;5703.71;244.165
1948;1948-01-29;1948.11953551913;6.12;0.0525;7146.78;273.2075
1949;1949-11-22;1949.9337431694;5.03;0.045;5379.99;236.075
1950;1950-11-21;1950.93101092896;5.31;0.05;5813.41;242.0425
1951;1951-11-22;1951.9337431694;7.58;0.0525;9834.81;347.9475
1952;1952-12-01;1952.95969945355;4.85;0.1225;5023.3;214.24
1953;1953-10-15;1953.83128415301;5.04;0.05;5306.39;144.6975
1954;1954-12-11;1954.98702185792;6.43;0.05;7577.42;187.5675
1955;1955-01-22;1955.10040983607;6.49;0.05;7683.12;195.805
1956;1956-03-22;1956.26707650273;5.24;0.0475;5460.78;107.83
1957;1957-03-01;1957.20969945355;5.58;0.0525;5991.55;110.555
1958;1958-12-22;1959.01707650273;6.89;0.0525;8228.65;173.6375
1959;1959-12-11;1959.98702185792;5.92;0.05;6543.26;128.3225
1960;1960-10-08;1960.81215846995;6.93;0.0475;8310.74;162.7925
1961;1961-12-13;1961.9924863388;4.68;0.1225;4633.48;181.6475
1962;1962-03-07;1962.22609289617;4.57;0.12;4478;178.8825
1963;1963-11-07;1963.89275956284;6.66;0.0475;7814.4;159.5425
1964;1964-03-27;1964.28073770492;5.59;0.0475;6056.2;126.3875
1965;1965-12-09;1965.98155737705;4.95;0.11;5073.48;184.455
1966;1966-02-22;1966.1837431694;5.12;0.0475;5327.09;110.66
1967;1967-03-10;1967.23428961749;4.64;0.11;4175.71;172.54
1971;1971-03-22;1971.26707650273;7.86;0.06275;5477.34;255.255
1972;1972-02-19;1972.17554644809;8.26;0.0625;5922.16;274.54
1973;1973-12-25;1974.02527322404;7.48;0.06275;5078.41;257.8
1974;1974-02-14;1974.1618852459;6.23;0.0585;3852.46;211.395
1975;1975-09-16;1975.75068306011;5.65;0.0595;3330.45;215.7875
1976;1976-11-11;1976.90368852459;9.41;0.06;8365.99;147.71
1977;1977-10-24;1977.85587431694;8.87;0.0625;7615.02;153.19
1978;1978-02-27;1978.19740437158;8.68;0.06125;7370.94;153.845
1979;1979-10-28;1979.86680327869;8.04;0.058;6575.85;139.7225
1980;1980-02-06;1980.1400273224;6.19;0.0615;4580.86;122.6625
1981;1981-12-19;1982.00887978142;7.57;0.06225;6047.34;133.2075
1982;1982-11-09;1982.89822404372;8.82;0.0585;7556.13;147.9275
1983;1983-05-17;1983.42008196721;8.05;0.05825;6596.55;128.425
1984;1984-12-02;1984.96243169399;7.06;0.0595;5479.67;129.17
1985;1985-05-12;1985.40642076503;6.18;0.05825;4575.73;123.29
1986;1986-04-09;1986.31489071038;8.11;0.05875;6667.69;131.4925
1987;1987-10-30;1987.87226775956;7.87;0.06225;6388.9;137.81
1988;1988-10-12;1988.82308743169;8.13;0.063;6685.07;133.9675
1989;1989-04-27;1989.36407103825;6.86;0.05775;5275.42;126.85
1990;1990-02-18;1990.17281420765;6.88;0.05325;5297.61;113.34
1991;1991-03-10;1991.23428961749;6.68;0.05625;5079.29;118.665
1992;1992-11-23;1992.93647540984;7.23;0.06175;5664.72;133.5675
1993;1993-10-10;1993.81762295082;9.91;0.05975;9108.15;164.8225
1994;1994-01-08;1994.06215846995;10.47;0.06575;9981.91;169.505
1995;1995-10-06;1995.80669398907;8.06;0.06075;6730.87;144.5625
1996;1996-11-13;1996.90915300546;9.45;0.0585;8570.5;147.755
1997;1997-12-19;1998.00887978142;8.9;0.0555;7788.71;147.5175
1998;1998-05-28;1998.45013661202;5.89;0.057;4396.23;118.78
1999;1999-10-21;1999.84767759563;7.56;0.059;6157.84;129.09
2000;2000-11-24;2000.93920765027;8.35;0.06175;7076.75;146.045
2001;2001-03-23;2001.26980874317;8.11;0.0565;6789.41;143.64
2002;2002-09-10;2002.73428961749;10.27;0.05875;9812.09;166.965
2003;2003-12-03;2003.96516393443;11.35;0.0655;11533.69;180.8375
2004;2004-10-29;2004.86953551913;7.42;0.05625;5671.45;191.0125
2005;2005-04-20;2005.34494535519;5.6;0.0565;4208.54;125.88
2006;2006-11-18;2006.92281420765;6.74;0.06125;5457.11;132.56
2007;2007-11-23;2007.93647540984;5.26;0.058;3968.07;120.69
2008;2008-11-02;2008.87909836066;8.27;0.06425;6943.39;156.0525
2009;2009-02-07;2009.14275956284;7.97;0.0605;6588.39;151.5325
2010;2010-12-24;2011.02254098361;7.42;0.05925;6194.87;123.15
2011;2011-11-06;2011.8900273224;8.29;0.05775;7216.84;144.555
2012;2012-11-12;2012.90642076503;6.55;0.06025;5247.76;124.74
2013;2013-05-19;2013.42554644809;8.23;0.06075;7138.7;148.5425
2014;2014-11-15;2014.91461748634;8.53;0.05725;7510.52;145.93
2015;2015-05-05;2015.38729508197;5.74;0.0625;4422.88;128.255
2016;2016-11-23;2016.93647540984;9.37;0.0585;8674.47;150.815
2017;2017-10-23;2017.8531420765;5.91;0.05625;4598.05;140.5125
2018;2018-01-27;2018.11407103825;7.35;0.06025;6130.72;143.265
2019;2019-12-21;2020.01434426229;8.28;0.06125;7216.6;165.245
2020;2020-03-07;2020.22609289617;5.67;0.062;4359.45;136.7775
